03048
02525
04225
02546
04301
04325
04208
02945
02689
01150
02619
00295
03129
00950
03931
04248
02437
04002
02093
03175
03092
03003
04192
02899
01864
00673
01591
03452
02243
02878
01751
02922
03789
03917
00880
03058
03729
02291
02759
01706
00742
01854
02191
01071
01154
01856
03577
04185
00248
00555
03651
03913
01809
00233
02163
01162
03007
04178
03888
00213
00620
01040
02027
00363
00405
01058
01958
03472
01072
04263
03198
00442
01964
01112
01568
01719
00129
03340
04255
02013
00132
02046
04145
01335
04245
01610
00195
01571
02874
01192
03679
00705
01535
01453
03666
03997
00320
00400
02090
03896
01370
03245
00822
03112
00558
02241
03140
00717
02637
00458
00109
01849
00685
03409
00372
02238
02384
02846
02886
00074
03862
02055
00380
01609
04099
00515
02240
04126
01497
01874
03322
00149
02220
01537
00099
02256
01465
00918
01930
03193
03663
00064
03146
02582
00534
03317
02215
02977
04213
04231
03363
00810
02511
02559
03085
00290
04239
02166
00762
03325
03925
01934
02717
02287
03924
03031
01080
02280
01198
01249
00545
01651
02626
00790
04006
02728
02905
01825
04338
00788
00446
01970
01457
00167
04070
02370
03616
03708
04059
02469
03920
03134
00322
02026
04253
01330
04352
00731
02790
00799
03869
02935
00260
01069
02476
03432
00038
00416
01545
01975
01083
03309
00628
04314
00338
00479
04114
03004
03576
00701
02014
02847
00006
02766
02419
04005
01929
01048
00827
00916
01968
01783
00464
00764
01215
00460
04204
03373
01403
04303
01995
04254
03491
01177
01845
04017
03298
01997
04065
04252
01188
04138
04089
04045
01488
03469
02049
00716
03539
01297
02948
02098
01408
02193
00660
03511
00082
00487
01157
00242
01103
01228
03500
00113
03246
01138
03131
01741
03905
04057
02324
04321
02833
00488
00776
01887
02321
00700
01191
03733
01597
00694
00909
02308
00197
03049
03596
01348
02686
00353
02659
03524
03120
01640
01243
03730
00229
02336
04247
03183
01230
02285
02773
02622
01265
02712
02785
03376
00222
02224
02448
00362
01910
01621
03557
02595
00438
04182
00228
00342
00860
00568
01760
02970
04084
01615
03895
00757
02589
01480
01207
03464
03169
03634
01379
01653
03072
00072
00053
00237
00601
02942
01496
00594
02819
03382
00016
00855
04120
02939
02639
02731
04282
01384
00183
02906
00554
00485
03271
03581
03621
00021
00791
03793
03735
03423
02204
03964
01948
02462
00640
03147
01644
03038
02187
04079
00758
01060
02180
03824
04083
02181
03693
02863
01359
00930
01862
01718
00951
01880
00667
02979
02119
02569
00730
01608
02069
00432
02299
02795
00752
02133
01431
02293
00340
02184
01020
01475
04104
03184
00996
00420
00327
02244
02276
00049
04091
00044
03095
01354
03941
01599
00833
00267
01166
01589
03757
02428
01946
00365
03180
03678
00252
04056
02675
02061
00538
02266
01963
04007
00873
02072
00193
04077
00389
02687
03646
04021
00888
01519
02452
04108
01712
03422
02326
03711
02164
00004
02118
02652
01564
01404
02521
03203
02994
03780
00953
02316
00253
00636
02645
01057
01709
03161
01686
02528
01652
00289
04149
04010
03029
02246
01529
03714
01840
01679
02353
01807
01540
02105
02859
01602
03965
01305
03505
04270
01669
02673
00265
02350
03156
04197
02044
00571
01232
01967
03221
03509
00427
01833
00801
01740
01237
00037
03042
00154
04176
00373
03623
02131
02019
04309
00046
03349
01054
01254
03170
03559
00262
01147
03550
01684
03740
00574
04068
02519
03390
03490
00079
01890
01953
02417
01313
01851
03391
00031
01455
02844
01989
02344
01635
02165
01458
04154
04317
03254
02556
02805
00684
01369
00123
03012
03619
03665
02811
01618
01411
03713
00251
00060
03802
01326
03425
03777
03807
03236
03054
01616
04023
03575
01417
02199
03555
01459
02348
03748
02753
00724
04330
01655
04211
02139
02151
03377
03055
00062
00041
02022
00993
04016
03840
01467
04135
03993
03328
04327
00870
04319
00431
01728
02063
03164
02341
03535
00013
04026
02230
03111
00512
03318
01213
01699
03399
03904
03668
03414
03185
00194
03878
03926
00531
01011
01065
00028
04280
00623
01042
01129
03991
00255
01881
04172
00894
00969
01918
02339
00727
03150
03548
01623
00935
02888
00089
03182
03791
02477
02822
02987
02075
03845
01007
02798
01205
03893
00842
01114
02034
02912
03434
00147
01982
02938
00392
00141
01607
02924
03949
03520
01425
03001
03983
02218
00073
03404
00734
03343
02134
01009
00009
00926
02333
03800
02148
02643
02752
00733
01973
00489
01662
03820
02394
01460
03859
02351
00240
00960
01502
02677
03553
00839
03718
00782
03039
02883
00257
02503
03954
03102
01972
00163
02575
03737
00812
03023
02062
04347
00001
02680
00871
01959
01663
04267
01262
03302
03952
04152
00050
00699
00352
02913
00892
04096
02730
02228
02483
01692
02755
01294
04223
01078
03907
04186
02052
01291
03324
00367
01831
01754
04137
03554
01983
02400
00751
00003
00596
03592
03552
04150
02115
03305
03446
02529
02179
00413
01257
01199
02340
03950
00385
01248
01865
04288
02567
01944
00146
03144
00403
00693
00903
00862
04106
04184
04299
03670
00136
00719
03903
01605
00284
02177
02540
02631
03385
00139
00098
03799
01710
01643
02070
00297
00901
01008
00332
00895
00552
03999
01685
00546
02178
00584
03876
00825
01428
02171
01487
00804
02209
01931
02524
01803
02086
03572
03928
03771
01971
00603
01022
03546
01061
01542
01287
01169
01381
00450
03393
03461
04226
02146
01018
00900
01448
02627
01550
00670
00850
00754
03778
00436
01037
02032
00452
03218
01135
00043
00775
01312
01258
02369
00844
01796
00794
01436
04292
02658
03858
02572
02738
00508
04019
03445
00761
01601
02327
00800
04195
03000
02591
01745
03943
03861
02630
01895
02931
00815
03750
00579
03234
02269
02769
03495
01555
03543
00426
01358
01861
01548
04115
01222
01099
00576
04095
00835
02602
01390
03288
00010
03940
03397
03829
03538
03444
03507
02557
03135
00144
02125
01182
00171
02305
01690
00661
00956
03388
02474
01284
04279
04035
00393
02729
03959
04265
03208
03442
02806
00145
02536
02110
01912
00120
01364
03460
01676
03008
01978
02490
03726
03632
00630
03851
03053
02925
04161
00690
03279
00177
02855
03534
03503
01744
00357
00994
00602
04144
02826
03091
02251
00321
03230
00541
03158
02338
04277
00269
02372
02734
01076
02609
03332
01279
03883
03565
01081
02010
02404
02692
01123
00829
03747
03694
03628
02695
01184
01347
03187
04350
00440
03989
02066
00203
01603
01659
03358
00030
01517
00886
01708
00378
00830
03191
02757
04082
03650
01658
00358
02329
03266
01437
02921
01533
00236
00092
01282
02253
01612
02676
03493
00200
00976
01055
01461
03946
03918
00703
00639
02390
00291
00238
02919
01636
00606
02466
03448
03365
03034
02533
02685
01443
00802
01554
01594
01476
02640
01595
02323
04066
01701
03160
00217
01775
02767
00819
03086
00341
00728
01682
04038
00175
01823
00076
00857
02262
03953
02517
02128
02274
01276
03604
01201
02208
03754
03071
02655
01869
01987
03216
01121
02954
00430
00946
00056
04261
04085
02507
00748
01539
03427
02588
00668
01401
03661
03022
03225
03341
00364
03307
02674
03035
01581
02221
00279
01303
00686
00902
03744
01791
00681
01774
03083
04169
03327
01301
03238
00401
04236
00506
03758
02909
01244
02367
01941
04037
00566
00891
00343
00130
03591
01010
01422
00617
04048
03909
01732
03401
02742
01855
03586
02848
02222
02746
03389
00598
02876
03406
02414
00191
03479
00725
03613
04332
03172
02081
04242
01137
02973
02972
04268
00384
02297
00272
00210
03453
03016
00911
02918
01772
00188
02363
03297
03157
00798
02870
02969
00316
00549
02104
02003
02486
02552
00176
03128
01200
00381
02962
03181
03394
00729
02548
01350
03640
03228
03975
00669
04118
01220
00698
00156
01753
04162
02961
02365
02382
03282
04170
03912
02429
03267
01108
03767
02150
02900
01882
01714
04163
00158
02980
01835
01203
02779
02234
02635
01302
04285
03487
03902
00575
03518
00096
03260
02331
02617
03506
04171
03257
04012
03947
03642
02185
00889
01024
00170
02309
00020
00115
03857
03124
01421
01525
03177
00192
02975
00166
03201
03281
00499
01158
00941
00832
04127
01429
03512
00548
03439
02750
01079
02996
03476
01447
00305
01768
00198
01730
00368
02649
04027
00036
03088
01098
03289
02100
03579
03655
00843
01130
01526
01334
04064
03761
00990
03656
03498
02502
03050
01988
00934
01611
04349
02334
00310
00140
03879
01292
02129
00845
01681
01500
02871
00070
01724
04147
02463
01111
01450
01352
03417
02356
00347
03497
00345
02893
01005
01315
03021
00528
00692
03605
01771
02189
00504
01167
01821
02573
03980
00402
02550
01816
02227
03880
03372
03745
04202
02964
02088
00454
01942
00094
03669
00641
01456
02366
02801
03563
00202
03059
01019
01051
01666
01668
01857
00736
02641
02242
03061
00780
02453
03207
03998
02252
03942
00419
03805
02564
04014
01650
03855
03312
04032
00621
04297
00428
03755
02408
02296
03690
02236
04258
04316
03662
01731
03381
02295
03100
00550
02051
01894
01097
03779
04323
00922
02990
03192
01779
00417
03624
02420
03386
01722
03556
02190
01933
01888
01798
03519
03291
03488
01474
00462
02096
02154
01102
00377
00771
00615
01965
00837
00853
01427
03355
01075
03130
01375
01853
04160
03916
02065
01139
00875
04205
03769
02760
02424
01141
02097
03402
02457
03887
01645
01068
04072
00294
02875
03338
02375
01583
01503
01916
04305
03167
03143
03250
01032
02143
02354
03889
01106
04124
03639
02156
00091
03721
02036
01654
03633
01225
02722
00069
01217
00207
00138
00423
00493
04058
03265
00859
03853
00066
00232
01485
00387
00565
03695
00709
00944
03044
04060
00777
01090
02825
03253
01473
03659
03293
02696
00047
00008
00457
04273
02781
03872
01955
02144
00366
01661
03827
01667
00273
01105
03674
01399
03229
00770
00774
04238
00784
00767
04053
02315
03984
01952
03342
00369
02606
00588
01898
03866
00142
00124
01109
00131
03036
00706
00868
02920
04136
01917
03544
02472
02314
04250
03278
00045
03179
02107
02028
00947
01145
02666
03664
01966
00851
04212
00271
00929
03897
04353
02999
02101
01834
02322
03025
02233
01626
00239
00905
03607
01996
00337
03066
04024
01897
02516
02590
01122
00127
03027
01156
04224
02560
02672
04063
03900
04307
00168
01613
01221
03103
02615
02902
03568
00448
03948
01101
01552
00965
02113
02661
03313
03209
04311
02360
04260
00314
01868
00274
00449
00453
01259
00753
02614
03141
00241
03436
04041
01577
02691
03410
01406
02726
02232
02201
00954
00243
01368
04189
00484
01419
00737
02932
02074
00024
01174
01750
03295
03492
00676
02461
03280
00915
04105
03834
00535
00014
03224
00663
01766
00288
04022
03753
02465
03367
04196
01960
03237
04094
01694
00831
01309
01993
02168
02797
01551
01382
03796
02542
01620
03188
01509
00029
01879
01472
00527
01328
00940
01498
04237
00678
02515
02576
00395
00559
02703
02001
02020
01012
02135
03204
01314
00931
03770
00687
03346
02605
03451
02200
00019
04025
03528
03617
03930
02491
03620
00814
02109
02436
02565
01716
00856
00359
02583
03643
02160
03992
03558
02868
02347
01336
00184
03471
00122
01323
02421
00658
02303
01549
03075
04298
03571
02792
01338
03171
02116
01128
03119
02927
01579
03359
01781
02541
03429
03752
00847
03660
02152
00477
01307
00463
03891
01372
02959
01899
00491
02273
03514
01261
03374
03865
04113
03213
01152
02650
03231
01696
00414
04062
00982
01531
02132
02836
00906
00710
04320
03233
01826
00087
00595
00300
04206
02249
02481
01677
03868
02489
03691
02535
01175
04296
00590
02946
01914
04203
01148
03244
04061
00650
01002
03117
02823
02982
03741
02004
01580
00610
00461
03344
03700
00572
00505
00394
04200
01250
02869
01420
02761
01318
01900
01907
01777
03768
01385
03052
02624
02106
01092
00942
03478
03774
02493
01077
02401
03899
03958
04157
02288
01063
03515
02526
03251
04109
02397
03885
03882
03348
04230
01588
01028
02815
03533
02076
00846
00311
00858
00643
02611
02997
00391
00226
02733
02958
03723
04165
03458
02475
02140
02952
04092
02470
01270
01477
03296
02897
02711
00984
03089
02796
04087
02621
03801
01185
01590
01604
01343
00544
02976
04134
00055
03194
01410
02584
02435
02373
02265
03145
03561
00854
02953
03079
02791
00755
00035
01671
02988
00614
01153
01452
02092
01091
03874
02625
03969
03329
01216
02396
01726
01515
03985
03892
02214
02053
02304
04304
04107
03856
01056
03110
01242
00306
02727
01064
00971
01647
03104
01462
03046
03590
03020
00083
02385
03910
01043
03320
00408
02587
01547
00749
03362
03477
00695
02910
04146
04166
00199
03677
00244
01252
02302
02835
01691
03455
02749
01566
00923
04097
03914
03197
00592
04018
00743
03255
01151
02377
00105
00821
00093
02016
02381
02392
00750
01490
02928
04199
02713
02623
00221
04207
00017
03482
00586
00964
03468
01340
03595
01808
03653
01014
02914
00104
00100
00723
01195
00441
00494
02978
00937
01036
00806
02346
00185
00048
04240
03002
02043
01913
02041
03937
02830
03844
01342
00655
03724
01713
01574
01189
02820
00397
00578
01016
01842
02998
00502
01911
02318
02501
00435
02845
04013
02723
01415
04331
03850
02317
01394
00836
03743
03108
01703
01801
02992
03489
03773
03832
01219
02216
01004
01979
02877
01187
02040
00125
03566
00864
01085
03705
04111
00117
02496
03601
04216
03392
00691
02059
02440
02518
00513
02219
00805
02800
02993
02459
01418
00924
01322
02388
00675
03256
03331
02123
00509
00227
02391
01773
02467
00746
00526
01412
02120
03672
03710
04209
01299
00514
02991
01678
02409
02681
02192
03843
02464
00354
00532
03625
03649
03485
03223
02634
03960
02345
00824
03163
02684
02084
01481
04329
04217
01229
01190
00266
01424
03689
00360
01824
00708
02509
02512
02864
00503
00820
02012
01170
00879
01828
01067
04011
04190
01586
02121
02045
00763
00107
03149
03974
02678
01288
02832
04155
02169
02577
03776
03990
01524
03190
02668
00629
00133
03096
03504
01501
00967
00276
04049
00143
03166
04293
02764
00656
02102
01489
04078
03303
00235
02965
01782
01445
04281
01832
01440
01819
00683
01746
03716
03411
01211
02600
00328
02380
03210
01204
03995
00740
04009
03013
01739
00339
03938
02127
02837
02597
02033
00766
02725
02693
02850
01639
01790
01508
03259
02664
03078
02328
02292
01172
03450
00150
01038
03919
02225
01632
03795
02451
03405
03986
02454
00180
00826
03396
03082
01875
02881
04188
00747
03921
03473
03014
03063
03644
03407
04179
03736
03626
02690
00988
01413
00277
01463
00067
01039
01530
01585
02410
03214
01600
03574
02270
02422
02513
02229
02783
00278
01478
02145
03449
04342
01707
00986
01446
03870
04276
01194
00589
00991
02111
00068
02196
02048
02986
04187
01873
02647
00977
00196
04123
01234
00974
03202
00456
01734
02162
02248
00613
00884
02887
00078
00325
00022
01838
02399
00569
01936
02505
03890
03712
00599
01374
02852
01306
00116
00920
03024
02632
03727
00966
01532
02057
01624
00219
02854
00110
02951
01848
00910
02651
04341
03781
03847
04198
03638
04116
03615
03115
03898
02114
03366
04055
01521
01969
03587
02983
03877
03927
00664
01715
02161
04249
01565
04039
03725
03360
04131
01507
03932
01922
01268
03828
03378
00959
02527
04071
01820
00973
01493
02698
03093
01793
00679
00741
00665
00632
01544
03908
01380
02508
02441
02211
03121
04148
02971
00317
00635
00564
00928
00787
01992
01400
00878
04031
03584
02840
00075
02566
02083
04020
04153
02157
00524
02808
01543
03731
04128
02638
03264
00529
01606
02555
03923
00580
02387
00334
03211
00616
01033
01164
01584
03337
00388
02700
02751
01371
02786
02449
01386
01675
01587
03600
01528
01491
00651
02142
02748
04286
03249
01015
00161
00707
02067
00346
01407
00424
04164
00254
03684
02054
01949
02479
01317
00772
02342
01843
03521
02813
02378
01896
01575
02077
02434
02907
00315
03818
03560
00234
00155
02774
03610
03785
03350
04272
03821
00231
02423
01126
01241
03884
01921
00280
03696
00619
01295
04228
04141
01839
02937
02310
01901
02024
03955
02915
03499
02468
00711
00809
01049
00600
03972
02841
02807
04119
01432
04173
02089
02741
03354
02091
00313
00689
01365
02772
01391
01271
04264
00323
02147
03582
02413
03486
03428
00434
01789
03195
02778
01885
02532
00704
01331
00086
01660
02917
03217
01711
03430
02349
01759
03545
01283
00319
03501
00077
04000
00174
01627
00296
01451
02289
03803
02957
02182
01558
00530
02930
04326
02038
02607
00492
02885
01186
01047
00563
00866
01235
04324
00032
00225
02455
01619
03641
03375
01264
02159
01994
02430
01161
00455
03816
03107
00467
02099
00883
01119
01697
03174
02956
03636
01737
01815
01115
00335
00204
02531
02644
00638
00216
03797
02443
02325
03028
01277
01516
00645
01397
02739
01720
01541
00882
04133
03400
00126
02860
04191
03314
03352
02320
03005
03220
00026
01438
01392
04036
03139
00739
03030
01096
02495
00108
02281
03614
02514
02547
04004
01758
00927
03364
03911
03276
01506
02705
01435
02892
03585
01976
03963
04234
02079
02368
04051
03722
01280
03527
03484
03357
01733
03971
04132
03706
03522
02702
02301
02403
00246
04333
02802
01527
00396
01769
03151
00350
03215
00275
01943
04334
01534
01045
03426
01749
01281
00390
03671
01634
01858
01389
01695
00936
01850
01762
00881
02259
02667
03263
03567
02839
01763
02480
04029
02862
01208
02174
02447
02895
03465
02247
03815
02594
02558
01127
00517
00270
00608
02492
03811
03686
00302
03316
02009
03549
01747
01646
04220
00250
03578
02636
04283
03530
03701
03798
00178
04221
03431
02064
01852
00447
02432
02103
01483
01837
03440
04344
04117
03849
01725
00520
00215
04080
00714
00065
01327
02412
00975
01468
00061
00540
03240
02708
00451
00715
03447
02858
00533
03336
03704
00012
03333
03760
04251
00955
00885
04312
00849
03836
03967
00841
02313
00516
00998
04015
00208
00088
02446
02620
02629
03462
02715
04308
03379
00501
00778
01131
01631
00249
01470
02642
03275
01505
02809
03315
01486
00968
01822
01817
00890
03516
02984
00135
04156
03152
04168
02005
00406
02683
03123
03067
02406
03648
04050
03765
03860
01520
03413
01592
03612
02202
03045
00399
00476
02018
01247
00153
00186
00573
00478
03212
02660
02981
02872
01902
02603
00259
03273
00907
02499
01344
02300
02538
00103
01932
00958
02765
04167
01522
02616
01561
02395
01074
03232
03786
01510
03970
00507
02198
03284
03380
01617
02934
02926
02283
01628
03418
02771
04143
00577
04001
01919
00472
01388
02933
04218
01053
00674
01117
02056
03421
01499
03588
00542
00823
00720
03138
04074
01209
00370
00539
01495
02374
00137
04335
01266
00162
02648
02571
00398
04102
00561
02789
02701
02777
01027
03319
04177
02608
00898
01444
02487
00943
01173
02035
03334
00201
02810
03018
00034
03697
01622
02697
00090
01210
02865
03837
02355
01471
03097
01563
00972
03751
01980
04310
03782
01238
03073
01025
02828
01738
02618
01226
02407
03886
03961
00303
00648
02239
02776
01179
04340
04274
03842
01046
01883
01041
03508
01889
00952
00587
02389
02039
00987
02799
02539
03933
02497
00324
03936
00697
00738
02793
03523
01688
03732
04073
00597
01765
01536
01469
01202
00230
01329
00189
03162
04054
03681
00682
01818
03788
02884
02596
00404
01778
00371
03384
01178
02804
02586
00962
00281
02530
03994
02217
01999
02944
04201
01298
01557
04246
02763
01346
00329
02662
04337
02838
03863
01387
01086
01924
00307
00633
03812
01680
00591
02960
00063
01872
02155
00409
01804
03387
01360
02418
02058
03370
00152
02029
00624
02671
02719
01582
01562
02889
01938
03051
01304
00179
01683
03285
03978
02343
00979
03371
04174
01319
03854
01546
04067
03783
01362
01414
03502
02207
01830
00609
04291
03915
03814
03235
01223
04222
03290
03301
01095
02080
01393
04158
03454
00286
00560
03057
02082
02456
00781
01572
00593
02258
01871
03739
01935
01977
01702
01120
02890
02085
01196
02936
03176
00631
02654
00482
01891
00465
03274
03433
01672
02263
00057
02257
01273
00649
02908
00981
02494
02581
03635
03738
01986
02861
04069
01180
00537
02250
01094
04034
00212
04322
01811
02562
02042
03099
02551
01482
02124
00769
00223
01693
01893
03673
02694
04227
02108
01656
03531
04219
01325
03594
01289
00361
03603
00151
04351
03116
01641
02714
03292
02030
02842
03945
01351
00659
00429
02745
01316
01366
03841
01426
01926
00374
03351
02601
03637
02398
00744
03598
03808
02669
02126
03929
00718
03098
03126
03580
02361
01104
02754
03133
00085
04243
02357
02762
00938
00375
03547
01026
02473
03775
03009
01770
04142
02450
00330
01794
02023
04287
02050
04040
03839
02867
01246
02821
01920
00510
01799
01183
03825
03068
02438
01260
03247
00680
04343
00293
00583
01089
03996
03513
03784
02231
00471
03749
00811
02709
02416
02561
03241
03227
03310
00957
04033
00292
01860
02880
01159
02896
01181
00949
00134
01193
01925
02433
02824
03326
04103
00011
00642
00308
02261
00712
04110
00644
00333
02706
04047
00865
02563
00852
03125
00407
03032
02498
00247
02544
02330
03922
01757
02411
01218
01814
01846
03756
02141
03178
00925
02534
03239
03901
03881
01705
03132
02286
00486
03939
00349
03819
02306
03323
00612
00622
00220
02812
02579
02364
00304
02015
01642
00268
00468
01957
01035
00211
00756
01396
04193
01961
01923
01165
02352
00051
00421
04336
03084
02613
03570
02857
01197
04042
00224
00187
01124
00519
03968
02901
00058
01239
03951
01479
00932
01214
00796
00412
01160
04233
02149
04302
02415
02968
01133
01984
03026
00887
00785
00759
02827
03122
02195
03043
00490
01293
00789
02955
00495
00945
01030
01256
01110
01859
02879
01442
01355
02255
03056
01743
01409
02175
02268
03804
01512
02383
03794
01255
00997
02834
03629
00908
01206
00382
00071
03248
01836
02011
02916
02646
01951
03537
00985
03106
02275
04028
03966
02950
00989
00351
00783
02117
00042
04328
01132
03935
02442
01146
01395
01059
03268
01454
00869
01998
04076
01332
03763
00118
01378
03599
02737
02500
02335
03734
03074
00999
01847
01143
00355
03536
01006
01321
01100